; Sample Rate 10
; Channels 1
               0  2.5322660804e-06 
             0.1  -4.9541704357e-06 
             0.2  2.0125880837e-06 
             0.3  -4.6687200665e-06 
             0.4  3.082677722e-07 
             0.5  -3.1925737858e-06 
             0.6  -2.1154992282e-06 
             0.7  -1.1664815247e-06 
             0.8  -3.4756958485e-06 
             0.9  1.4579854906e-06 
               1  -4.9816444516e-06 
             1.1  2.5611370802e-06 
             1.2  -8.3004124463e-06 
             1.3  4.9471855164e-06 
             1.4  -1.0913237929e-05 
             1.5  8.4661878645e-06 
             1.6  -1.2251082808e-05 
             1.7  1.0554678738e-05 
             1.8  -1.556519419e-05 
             1.9  1.2349337339e-05 
               2  -1.6933772713e-05 
             2.1  1.1789146811e-05 
             2.2  -1.6935635358e-05 
             2.3  1.2790318578e-05 
             2.4  -1.5886034817e-05 
             2.5  1.0571442544e-05 
             2.6  -1.2847594917e-05 
             2.7  8.7269581854e-06 
             2.8  -1.1495314538e-05 
             2.9  6.9467350841e-06 
               3  -4.8326328397e-06 
             3.1  -1.9920989871e-06 
             3.2  8.9034438133e-07 
             3.3  -6.7446380854e-06 
             3.4  9.4678252935e-06 
             3.5  -1.4237593859e-05 
             3.6  1.5124678612e-05 
             3.7  -1.929840073e-05 
             3.8  1.962762326e-05 
             3.9  -1.8799677491e-05 
               4  -8.0075114965e-06 
             4.1  -0.0036192834377 
             4.2  0.0006517637521 
             4.3  0.0040499344468 
             4.4  -0.00025667622685 
             4.5  0.00012757210061 
             4.6  1.4554709196e-05 
             4.7  -0.00051673268899 
             4.8  0.00021265400574 
             4.9  0.0011802916415 
               5  -1.7052516341e-05 
             5.1  8.5466075689e-05 
             5.2  -0.00038906186819 
             5.3  0.00012223888189 
             5.4  -9.1856811196e-05 
             5.5  6.7673623562e-05 
             5.6   0.001385667827 
             5.7  0.00021620513871 
             5.8  -0.00074844621122 
             5.9  -0.00041847955436 
               6  0.00013166107237 
             6.1  -0.00015406729653 
             6.2  -0.00015325797722 
             6.3  0.00018956372514 
             6.4  0.00076096551493 
             6.5  -0.00020984793082 
             6.6  0.00015714671463 
             6.7  -0.00014612078667 
             6.8  0.0001134891063 
             6.9  -0.00014619389549 
               7  0.00016279751435 
             7.1  -0.00019754981622 
             7.2  0.00025259098038 
             7.3  -0.00039831642061 
             7.4  0.00096361106262 
             7.5  0.00083214184269 
             7.6  0.00028610602021 
             7.7  0.0015707798302 
             7.8  -0.00057768588886 
             7.9  0.00046021072194 
               8  -0.0008597210981 
             8.1  -3.0964612961e-05 
             8.2  -0.00013312930241 
             8.3  0.00019752699882 
             8.4  -0.0002737804316 
             8.5  0.00033360952511 
             8.6  0.0019284784794 
             8.7  -0.00012637767941 
             8.8  -0.00014570122585 
             8.9  0.00084338802844 
               9  0.00039946986362 
             9.1  -0.00029963627458 
             9.2  0.00013740872964 
             9.3  -0.0002765217796 
             9.4  -0.00017309142277 
             9.5  8.3675608039e-05 
             9.6  -0.00011499784887 
             9.7  6.8500638008e-05 
             9.8  -0.00010118866339 
             9.9  8.1135891378e-05 
              10  -3.7416350096e-05 
            10.1  3.0216295272e-05 
            10.2  -2.8098002076e-06 
            10.3  -8.4211118519e-05 
            10.4  0.0005232966505 
            10.5  0.0004310850054 
            10.6  0.00015317695215 
            10.7  -0.00066963909194 
            10.8  -0.00096285669133 
            10.9  8.7423250079e-06 
              11  0.00032276008278 
            11.1  -0.003114845138 
            11.2  -0.0019510067068 
            11.3  0.00078776711598 
            11.4  -0.00026044109836 
            11.5  -0.0012416616082 
            11.6  -0.00049210852012 
            11.7  0.00027803145349 
            11.8  -0.00020792055875 
            11.9  -0.0019205771387 
              12  -0.00084146298468 
            12.1  4.606321454e-05 
            12.2  -0.00013413326815 
            12.3  6.181653589e-05 
            12.4  -4.4003129005e-05 
            12.5  -3.9949547499e-05 
            12.6  5.8965291828e-05 
            12.7  -9.5070339739e-05 
            12.8  0.00010871328413 
            12.9  -0.00017148675397 
              13  -0.0024529732764 
            13.1  -0.00025726249442 
            13.2  0.0013466440141 
            13.3  -0.00090684276074 
            13.4  -0.0026758909225 
            13.5  0.00041697360575 
            13.6  -0.00052762171254 
            13.7  0.0016975640319 
            13.8   0.001123694703 
            13.9  -0.00065074767917 
              14  0.0003359420225 
            14.1  -0.0007984386757 
            14.2  0.00013431254774 
            14.3  3.3855903894e-05 
            14.4  0.00016532698646 
            14.5  -0.00074919406325 
            14.6  -0.00016563106328 
            14.7  0.00031727785245 
            14.8  -0.00083331624046 
            14.9  -0.0015344903804 
              15  0.00051589217037 
            15.1  -0.00019216351211 
            15.2  -0.00024483259767 
            15.3  -0.00032559549436 
            15.4  3.5236589611e-05 
            15.5  -0.00055213971063 
            15.6  -0.00040289061144 
            15.7  -0.00045767100528 
            15.8  4.5909080654e-05 
            15.9  -0.00012533087283 
              16  -0.00034471042454 
            16.1  0.00018697697669 
            16.2  -0.0017813174054 
            16.3  0.0027425521985 
            16.4   0.001006226521 
            16.5  -0.0010824496858 
            16.6  0.00046372879297 
            16.7  3.5522505641e-05 
            16.8  -1.0974705219e-05 
            16.9  -0.0020000347868 
              17  -0.0011750673875 
            17.1  -0.00065365619957 
            17.2  0.00075271632522 
            17.3  0.00035263644531 
            17.4  -0.0010625496507 
            17.5  -0.00093338871375 
            17.6  0.00034392578527 
            17.7  -0.00071081332862 
            17.8  -0.0015924172476 
            17.9   0.002267264761 
              18  0.0013487469405 
            18.1  0.00061602937058 
            18.2  0.00042476411909 
            18.3  -8.9041423053e-05 
            18.4  -0.00075939390808 
            18.5  -0.0011003706604 
            18.6  0.00085373641923 
            18.7  0.0006506787613 
            18.8  -0.00054226210341 
            18.9  0.0015836958773 
              19  -0.0010907645337 
            19.1  0.0010355496779 
            19.2  -0.0018829228356 
            19.3  -0.0061241672374 
            19.4   0.000856237486 
            19.5  -0.0007684151642 
            19.6  3.8778409362e-05 
            19.7  -0.00019554095343 
            19.8  -7.0253387094e-05 
            19.9  -0.00034846039489 
              20  -0.0010141441599 
            20.1  -0.00038244901225 
            20.2  -0.00040993886068 
            20.3  0.00018687406555 
            20.4  -0.0009662816301 
            20.5  0.00018885871395 
            20.6  -0.00068347901106 
            20.7   0.001224944368 
            20.8  -6.3891056925e-05 
            20.9  -0.001844397746 
              21  0.00022189691663 
            21.1  0.00032867537811 
            21.2  -0.00042624771595 
            21.3  0.00047813914716 
            21.4  0.00073493923992 
            21.5  -0.00056922715157 
            21.6  -0.001161520835 
            21.7  -0.00083843898028 
            21.8  0.00032612588257 
            21.9  -0.0016695489176 
              22  0.0020940685645 
            22.1  0.0014092791826 
            22.2  7.9765450209e-05 
            22.3  0.0017568171024 
            22.4  0.00059099216014 
            22.5  -0.00030441349372 
            22.6   0.001154910773 
            22.7  0.0010617212392 
            22.8  -0.00024519255385 
            22.9  0.00072841346264 
              23  -0.00036520883441 
            23.1  -1.7705373466e-05 
            23.2  -0.00032736221328 
            23.3  0.00065687578171 
            23.4  -0.00041049206629 
            23.5  -0.00026255939156 
            23.6  -0.00069684069604 
            23.7  -0.00016048131511 
            23.8  0.0002663647756 
            23.9  0.0018868017942 
              24  0.00047433376312 
            24.1  0.00023094192147 
            24.2  0.00050401734188 
            24.3  -0.00048624863848 
            24.4  -0.00048127584159 
            24.5  -0.0019800029695 
            24.6  0.00039583723992 
            24.7  -8.3699356765e-05 
            24.8  -0.00013633165509 
            24.9  0.00047562411055 
              25  -0.00011591427028 
            25.1  0.00041482318193 
            25.2  -0.00037789344788 
            25.3  7.5474381447e-05 
            25.4  0.0019177221693 
            25.5  0.00027858279645 
            25.6  0.00076374877244 
            25.7  -0.00052033411339 
            25.8  -0.0003561982885 
            25.9  -4.4540967792e-05 
              26  0.00099520944059 
            26.1  -0.0011945464648 
            26.2  -0.00064311828464 
            26.3  -0.0008173212409 
            26.4  0.00046696094796 
            26.5  -0.00035043153912 
            26.6  0.00040542334318 
            26.7  0.0049889269285 
            26.8  -0.0023237066343 
            26.9  0.00015130126849 
              27  -0.00016258424148 
            27.1  -0.00070630712435 
            27.2  -0.00018103932962 
            27.3  -0.00032167928293 
            27.4  -0.00070623867214 
            27.5  -0.00095837702975 
            27.6  0.00025180680677 
            27.7   -0.00119729992 
            27.8  0.00072334473953 
            27.9  -0.00067971041426 
              28  0.0013460279442 
            28.1   -0.00102841435 
            28.2  -0.0026398715563 
            28.3  0.0033922460862 
            28.4  -0.00038881553337 
            28.5  -0.00033152243122 
            28.6  0.00042836181819 
            28.7  0.00032575940713 
            28.8  -0.00073649687693 
            28.9  -0.00022004218772 
              29    0.00167989498 
            29.1  -0.0011736024171 
            29.2  0.00089948857203 
            29.3  0.00036588264629 
            29.4  -8.3068851382e-05 
            29.5  -0.00081497756764 
            29.6  0.00087728584185 
            29.7  -0.0012247702107 
            29.8  -0.00096160778776 
            29.9  0.0011176564731 
              30  1.8799677491e-05 
            30.1  0.00016304664314 
            30.2  2.9554590583e-05 
            30.3  -0.00044171325862 
            30.4  -0.00072385370731 
            30.5  -0.00078024808317 
            30.6  -0.00061060069129 
            30.7  7.3474831879e-05 
            30.8  2.2658612579e-05 
            30.9  0.00063207559288 
              31  0.00035815127194 
            31.1  0.00014196988195 
            31.2  -0.001713515725 
            31.3  -0.00045628240332 
            31.4  0.00035537732765 
            31.5   0.001300658565 
            31.6  -2.578413114e-05 
            31.7  0.00079527311027 
            31.8  -0.0011997092515 
            31.9  -0.0028887754306 
              32  0.0010587754659 
            32.1  0.0014304271899 
            32.2  0.00054495595396 
            32.3  -0.0014480706304 
            32.4  0.00038982043043 
            32.5  0.00073175225407 
            32.6  -0.0030214930885 
            32.7  -0.001528010238 
            32.8  0.00020399084315 
            32.9  -0.0010180310346 
              33  -0.00067615509033 
            33.1  -0.00079633388668 
            33.2  0.0011253138073 
            33.3  -0.00038523040712 
            33.4  0.00048791617155 
            33.5  0.00021922355518 
            33.6  0.00024285493419 
            33.7  -0.00025256723166 
            33.8  -0.00027197599411 
            33.9  2.784607932e-05 
              34  -0.00019326759502 
            34.1  -0.00028746621683 
            34.2  -0.0017974162474 
            34.3  0.00046851905063 
            34.4  -0.0016854549758 
            34.5  -0.00021889386699 
            34.6  -0.0019228928722 
            34.7  -0.0014909533784 
            34.8  -0.0014884313568 
            34.9  -2.7446076274e-05 
              35  7.0035457611e-06 
            35.1  -0.0011637876742 
            35.2  0.00092252437025 
            35.3  0.00084033375606 
            35.4  0.0007897359319 
            35.5  0.0019067907706 
            35.6  0.0031344857998 
            35.7  0.0010968139395 
            35.8  0.00085797533393 
            35.9  -0.00031500961632 
              36  0.00056482199579 
            36.1  -0.00081891752779 
            36.2  6.4269639552e-05 
            36.3  0.00098594138399 
            36.4  0.00020352005959 
            36.5  -0.0011732168496 
            36.6  -0.0012279553339 
            36.7  -0.00013912376016 
            36.8  0.00073115481064 
            36.9  -0.00036470824853 
              37    0.00169031322 
            37.1  -0.0011066640727 
            37.2  -0.001973988954 
            37.3  0.0010348241776 
            37.4  -0.00078664766625 
            37.5  -3.2269861549e-05 
            37.6  0.00059325993061 
            37.7  0.0013926830143 
            37.8   0.001118300017 
            37.9  0.00075725419447 
              38  -0.00011762883514 
            38.1  0.00055686850101 
            38.2  0.00013643270358 
            38.3  0.0012673484161 
            38.4  -0.0017877873033 
            38.5  0.0048344610259 
            38.6  0.0044934595935 
            38.7  -0.00087911263108 
            38.8  0.00099051184952 
            38.9  -0.00059769162908 
              39  0.00053580012172 
            39.1  -0.00056126248091 
            39.2  -1.7168931663e-05 
            39.3  -0.00039567332715 
            39.4  -0.00054021831602 
            39.5  -0.00032242015004 
            39.6  -0.000412825495 
            39.7  -0.0002528433688 
            39.8  0.00047486554831 
            39.9  0.00040152855217 
              40  -0.0014644619077 
            40.1  -0.0015667900443 
            40.2  0.00011876644567 
            40.3  0.00018618581817 
            40.4  -0.00022947601974 
            40.5  0.00031496398151 
            40.6  0.00022767810151 
            40.7  -0.00033161276951 
            40.8  -0.00083472533152 
            40.9  -0.00014272099361 
              41  -0.00012159813195 
            41.1  0.00053775822744 
            41.2  0.00060613639653 
            41.3  -7.7974516898e-05 
            41.4  0.00029921391979 
            41.5  -0.0016174805351 
            41.6  -0.000363743864 
            41.7  0.00013272417709 
            41.8  4.6745408326e-05 
            41.9  -0.0013221637346 
              42  0.00015405379236 
            42.1  -0.0010873409919 
            42.2  -0.00041841901839 
            42.3  -0.0001497338526 
            42.4  -9.016180411e-05 
            42.5  0.00099166389555 
            42.6  -0.0053392467089 
            42.7  -0.00073957955465 
            42.8  -0.001632723026 
            42.9  -0.00099019613117 
              43  -0.00091750966385 
            43.1  -2.4318229407e-05 
            43.2  0.00060361018404 
            43.3  -0.00029478641227 
            43.4  0.00060608563945 
            43.5  -0.00067010475323 
            43.6  0.00072977598757 
            43.7  -0.0028461134061 
            43.8  -0.00013269530609 
            43.9  0.00050300452858 
              44  0.00018079485744 
            44.1  -0.00025646202266 
            44.2  1.4683231711e-05 
            44.3  0.00020691147074 
            44.4  -0.00068632373586 
            44.5  -0.0021676807664 
            44.6  0.00042974529788 
            44.7  -0.00063940929249 
            44.8  -0.00043915910646 
            44.9  -0.00046714907512 
              45  -0.00065410370007 
            45.1  -7.3140952736e-05 
            45.2  -0.001449319534 
            45.3  0.00029675057158 
            45.4  -0.00052805105224 
            45.5  0.0009217732586 
            45.6  -0.00023310165852 
            45.7  0.0013149338774 
            45.8  -0.0029998845421 
            45.9  0.0080392234959 
              46  0.0011710613035 
            46.1  -0.0013662218116 
            46.2  0.0025506629609 
            46.3  -0.0020743673667 
            46.4  0.00075531890616 
            46.5  -0.00033365888521 
            46.6  -0.00071964180097 
            46.7  -0.0047156307846 
            46.8  0.0017870441079 
            46.9  0.0011836397462 
              47  0.0020593437366 
            47.1  -9.8790042102e-06 
            47.2  0.00090690283105 
            47.3  -5.5739656091e-05 
            47.4  0.0022954898886 
            47.5  -0.00035219080746 
            47.6  -0.00097174104303 
            47.7  0.0012232083827 
            47.8  -0.0016219550744 
            47.9  -0.00026502413675 
              48  0.0016303355806 
            48.1  0.0012720320374 
            48.2  -0.001567799598 
            48.3  0.0014467868023 
            48.4  -0.0019605946727 
            48.5  -0.00074125826359 
            48.6  0.00095741683617 
            48.7  0.00025224685669 
            48.8  -0.0010917908512 
            48.9  -0.0054648187943 
              49  -0.0028747324832 
            49.1  0.00067178253084 
            49.2  0.0002812682651 
            49.3  0.0014713406563 
            49.4  -0.00049254763871 
            49.5  0.00028550764546 
            49.6  -0.0023203850724 
            49.7  -0.00089181493968 
            49.8  0.00089132692665 
            49.9  -0.00045403139666 
              50  0.0017992178909 
            50.1  0.00044189952314 
            50.2  -0.00094889150932 
            50.3  0.0011407914571 
            50.4  -0.001179643441 
            50.5  -0.00061805546284 
            50.6  -0.0015321075916 
            50.7  -0.00093941483647 
            50.8  0.00048438133672 
            50.9  -0.00013415142894 
              51  0.0031575490721 
            51.1  -0.00091861840338 
            51.2  5.6114047766e-05 
            51.3  -0.00076278019696 
            51.4  0.0010199425742 
            51.5  -0.0011049229652 
            51.6  4.8042275012e-05 
            51.7  -0.0012306906283 
            51.8  0.0011876598001 
            51.9  0.0011020298116 
              52  -0.0019461833872 
            52.1  0.0003349846229 
            52.2  -8.4086321294e-05 
            52.3  0.00060393940657 
            52.4  -0.00087266881019 
            52.5  0.00062244245782 
            52.6  -0.0050443573855 
            52.7  -0.00063497619703 
            52.8  -9.9086668342e-05 
            52.9  -0.00057213474065 
              53  0.00089480681345 
            53.1  1.4705583453e-05 
            53.2  -0.0015386915766 
            53.3  -0.00020477827638 
            53.4  5.095358938e-05 
            53.5  0.00071600358933 
            53.6  0.0041597601958 
            53.7  -0.0015602433123 
            53.8  -0.0012934026308 
            53.9  0.0011661043391 
              54  0.0013493164442 
            54.1  0.00054676132277 
            54.2  -0.0004116804339 
            54.3  -0.0012140842155 
            54.4  0.00092397350818 
            54.5  -0.00028045661747 
            54.6  -0.00037558889017 
            54.7  -0.00028219306841 
            54.8  -0.0015407437459 
            54.9  0.00010790210217 
              55  0.0010599349625 
            55.1  -0.00052858795971 
            55.2  0.00082704890519 
            55.3  0.00019335793331 
            55.4  -0.0005267993547 
            55.5  -0.00021133571863 
            55.6  -0.00097784074023 
            55.7  0.00094726681709 
            55.8  -0.001364972908 
            55.9  0.0013010716066 
              56  0.0012209783308 
            56.1  -0.0017262478359 
            56.2  -0.00069134822115 
            56.3  0.0015569138341 
            56.4  -0.0021206415258 
            56.5  0.0020919311792 
            56.6  0.0022645625286 
            56.7  -0.0019091353752 
            56.8  0.00019583757967 
            56.9  -0.00061925081536 
              57  0.0013874070719 
            57.1  0.00026069628075 
            57.2  -0.0010267156176 
            57.3  -0.0017775841989 
            57.4  0.0011949138716 
            57.5  0.0018745921552 
            57.6  -0.0019035856239 
            57.7  -9.9131371826e-05 
            57.8  0.0017479453236 
            57.9  -0.0014085844159 
              58  -0.00014767982066 
            58.1  0.0010633086786 
            58.2  -0.00017103506252 
            58.3  -0.00039475178346 
            58.4  -3.7190038711e-05 
            58.5  -0.0016763173044 
            58.6  -0.00055154971778 
            58.7  0.00076037133113 
            58.8  0.00015202816576 
            58.9  7.0279929787e-05 
              59  0.00049507338554 
            59.1  -0.001006402541 
            59.2  0.0014600232244 
            59.3  0.00092940079048 
            59.4  -0.002066955436 
            59.5   0.001119021792 
            59.6  -0.00088179390877 
            59.7  -0.00010199099779 
            59.8  -0.00037829764187 
            59.9  -0.00011361995712 
              60  0.0010486361571 
            60.1  0.00081920810044 
            60.2  -0.00070521142334 
            60.3  -0.0010109660216 
            60.4  -0.00050841318443 
            60.5  -0.00072580343112 
            60.6  0.00075337104499 
            60.7  -0.00096272863448 
            60.8  -0.003287662752 
            60.9  0.00034403707832 
              61  -0.0010287687182 
            61.1  0.00047306669876 
            61.2  0.00041653728113 
            61.3  -0.00057077268139 
            61.4  0.00055934954435 
            61.5  -0.0032220301218 
            61.6  0.00070224050432 
            61.7  -0.00063211191446 
            61.8  0.00096748955548 
            61.9  0.0023301914334 
              62  -0.00044226180762 
            62.1  -0.0002824915573 
            62.2  0.0015970659442 
            62.3  -0.0010695904493 
            62.4  0.00065310951322 
            62.5  0.00036124978215 
            62.6  -0.001595410984 
            62.7  -0.00061649875715 
            62.8  0.00030382489786 
            62.9  0.0018541300669 
              63  -6.9662928581e-07 
            63.1  -0.00054277433082 
            63.2  -0.0023436336778 
            63.3  -0.00080042146146 
            63.4  -0.00088053010404 
            63.5  0.00072830216959 
            63.6  -0.00061333458871 
            63.7  0.0028206184506 
            63.8  0.0021849852055 
            63.9  0.00061575509608 
              64  0.00064766174182 
            64.1  4.7142617404e-05 
            64.2  0.00036022299901 
            64.3  0.00045282207429 
            64.4  -0.00026355311275 
            64.5  -0.00050611095503 
            64.6  0.00052153877914 
            64.7  -0.00029735127464 
            64.8  0.0014509740286 
            64.9   0.001070688013 
              65  -0.00030931504443 
            65.1  1.3856217265e-05 
            65.2  0.0048823873512 
            65.3  -0.0028797611594 
            65.4  0.0016791406088 
            65.5  0.0016886661761 
            65.6  -0.0019083600491 
            65.7  0.0011616316624 
            65.8  -0.000836327672 
            65.9  0.0013003302738 
              66  -0.00051705818623 
            66.1  0.00065573770553 
            66.2  9.7970478237e-06 
            66.3  0.00073331035674 
            66.4  -0.00040660938248 
            66.5  0.00079700816423 
            66.6  -0.00061176624149 
            66.7  -0.0025340756401 
            66.8  -0.00039965379983 
            66.9  0.0012205424719 
              67  0.0011850600131 
            67.1  -0.00059215771034 
            67.2  0.00041958130896 
            67.3  0.00034666061401 
            67.4  0.00016489159316 
            67.5  0.0007527731359 
            67.6  0.0007672267966 
            67.7  0.00059191323817 
            67.8  -0.0013948520645 
            67.9  0.00010587926954 
              68  -0.00018024910241 
            68.1  -4.6335160732e-05 
            68.2  0.0020627342165 
            68.3  -0.00094860326499 
            68.4  0.0022731265053 
            68.5  -0.00066414335743 
            68.6  0.00029824813828 
            68.7  -0.00073985103518 
            68.8  -0.0010696230456 
            68.9  0.0010684174486 
              69  -0.0015973914415 
            69.1  0.00096548674628 
            69.2  -0.00016731629148 
            69.3  0.0011712890118 
            69.4  -0.0010676113889 
            69.5  -0.0011210483499 
            69.6  0.0012361463159 
            69.7  8.9950393885e-05 
            69.8  -0.0016745235771 
            69.9  0.00069734407589 
              70  0.0007557682693 
            70.1  0.00065430160612 
            70.2  -0.0011642691679 
            70.3  -0.0012423498556 
            70.4  0.0024880198762 
            70.5  -0.0011026998982 
            70.6  -0.002090274822 
            70.7  -0.0011270642281 
            70.8  -0.00095600122586 
            70.9  -5.5602751672e-05 
              71  -0.0001454888843 
            71.1  -0.00014820508659 
            71.2  0.00033829919994 
            71.3  -0.0010674083605 
            71.4  -0.00017075566575 
            71.5  0.0006137965247 
            71.6  -0.00030582677573 
            71.7  -0.00052495021373 
            71.8  -0.0015310500748 
            71.9  -0.0009037242271 
              72  0.00025594094768 
            72.1  -0.00091677159071 
            72.2  0.00034699356183 
            72.3  9.3141570687e-05 
            72.4  -0.00010408274829 
            72.5  -0.0002248454839 
            72.6  2.2672582418e-05 
            72.7  0.00022180564702 
            72.8  0.00073241675273 
            72.9  0.0005172980018 
              73  0.00016184430569 
            73.1  0.00069482671097 
            73.2  -0.0016100159846 
            73.3  0.0027024121955 
            73.4  0.0029411003925 
            73.5  -0.0026233419776 
            73.6  -0.0011011785828 
            73.7  2.8012786061e-05 
            73.8  5.2838586271e-06 
            73.9  -0.0012839362025 
              74  -0.0013116425835 
            74.1  0.0052981688641 
            74.2  0.00042041996494 
            74.3  -0.00034311879426 
            74.4  0.00061180209741 
            74.5  -0.00075089419261 
            74.6  0.00061999866739 
            74.7  -0.00087361223996 
            74.8  0.0013855281286 
            74.9  -0.001584473066 
              75  -0.00074087409303 
            75.1  -0.0007267119363 
            75.2  -0.001120378729 
            75.3  0.0005120174028 
            75.4  0.00055658910424 
            75.5  -0.0011706915684 
            75.6  -0.0015914803371 
            75.7  -1.1667609215e-05 
            75.8  -0.000267051626 
            75.9  -5.5460259318e-05 
              76  -0.0020605064929 
            76.1  0.00053511187434 
            76.2  -0.00079662725329 
            76.3  0.00092755164951 
            76.4  0.00096941553056 
            76.5  -0.0010746452026 
            76.6  0.00095624523237 
            76.7  -2.393592149e-05 
            76.8  0.00079640513286 
            76.9  -0.0014330674894 
              77  0.0023718848825 
            77.1  0.0015270379372 
            77.2  -0.00076086074114 
            77.3  -0.00037250248715 
            77.4  0.00010773446411 
            77.5  9.4014685601e-05 
            77.6  -7.4474606663e-05 
            77.7  -0.00077084032819 
            77.8  -0.00086628319696 
            77.9  -0.0012268051505 
              78  0.00061162840575 
            78.1  -0.0023706117645 
            78.2  -0.0040539135225 
            78.3  0.0012854072265 
            78.4  -0.00068211369216 
            78.5  0.0024332008325 
            78.6  -0.0012837625109 
            78.7  -0.00028040539473 
            78.8  0.00036395667121 
            78.9  -0.0022150636651 
              79  -0.00025025103241 
            79.1  0.00081731844693 
            79.2  -0.00035282690078 
            79.3  -0.0024987156503 
            79.4  -0.0016454304568 
            79.5  0.00017299875617 
            79.6  -0.00072123249993 
            79.7  -0.0010419022292 
            79.8  0.00062727136537 
            79.9  -0.00011230260134 
              80  1.2801960111e-05 
            80.1  -0.0017301761545 
            80.2  -0.001325993333 
            80.3  -0.0010623112321 
            80.4  -4.0003098547e-05 
            80.5  9.5040537417e-05 
            80.6  -0.0010554571636 
            80.7  -3.8280151784e-05 
            80.8  -0.00026381621137 
            80.9  -7.0831272751e-05 
              81  1.3509299606e-05 
            81.1  0.00067805498838 
            81.2  0.0005718274042 
            81.3  0.00094986241311 
            81.4  0.0010305950418 
            81.5  -0.0052175465971 
            81.6  0.00038254773244 
            81.7  0.0011475761421 
            81.8  -0.0014084186405 
            81.9  0.00048073753715 
              82  -0.0012851255015 
            82.1  0.00031010340899 
            82.2  -0.0013148090802 
            82.3  0.00058863684535 
            82.4  -4.2794272304e-07 
            82.5  0.00083633791655 
            82.6  -0.00022377446294 
            82.7  0.00040692836046 
            82.8  -0.0011152336374 
            82.9  0.00093819154426 
              83  0.0042267423123 
            83.1  -0.0010533640161 
            83.2  0.0013270857744 
            83.3  0.00035430770367 
            83.4  0.00030566286296 
            83.5  0.00033333245665 
            83.6  0.00026319967583 
            83.7  -0.00066461833194 
            83.8  -0.00051677925512 
            83.9  -0.00075250910595 
              84  -0.00069590937346 
            84.1  0.00038280338049 
            84.2  4.3986365199e-06 
            84.3  -0.00043021235615 
            84.4  0.00033884122968 
            84.5  -0.0017945333384 
            84.6  -0.0028573963791 
            84.7  0.0014099930413 
            84.8  -0.00019719870761 
            84.9  0.00023173261434 
              85  0.00028864108026 
            85.1  -3.6484096199e-05 
            85.2  -0.00018497603014 
            85.3  -0.00032818317413 
            85.4  -0.00015763798729 
            85.5  0.00027067214251 
            85.6  -0.00097003625706 
            85.7  0.00050625158474 
            85.8  -0.001035597641 
            85.9  0.0021284394898 
              86  0.0028215632774 
            86.1  -0.00043674744666 
            86.2  0.0006615081802 
            86.3  -0.0014571938664 
            86.4  0.00039558904245 
            86.5  -0.00072690052912 
            86.6  0.00046144332737 
            86.7  -0.00011540390551 
            86.8  -0.00064508244395 
            86.9  -0.0011205566116 
              87  0.0010235947557 
            87.1  0.0013104942627 
            87.2  -0.00074451649562 
            87.3  0.00074106920511 
            87.4  -0.0010134279728 
            87.5  -0.0010133106261 
            87.6  -0.00015834765509 
            87.7  8.0842524767e-05 
            87.8  -3.3594667912e-05 
            87.9  0.00044897058979 
              88  -0.00034169573337 
            88.1  -0.00024307565764 
            88.2  -0.0016691163182 
            88.3  -0.00068685412407 
            88.4  0.0006530857645 
            88.5  7.924856618e-05 
            88.6  0.00019679032266 
            88.7  7.2801951319e-05 
            88.8  8.6183659732e-05 
            88.9  -0.00065644225106 
              89  0.00030098808929 
            89.1  0.00014547863975 
            89.2  4.0403567255e-05 
            89.3  -0.002093501389 
            89.4  0.00028116255999 
            89.5  0.00015290826559 
            89.6  -0.00024965079501 
            89.7  0.00015237880871 
            89.8  -9.625358507e-05 
            89.9  0.0011973818764 
              90  -0.0038727829233 
            90.1  -0.0011539729312 
            90.2  -0.0005167350173 
            90.3  -0.00070853624493 
            90.4  -7.5687654316e-05 
            90.5  -0.0004848591052 
            90.6  0.0002957531251 
            90.7  -0.00013050204143 
            90.8  0.0003452883102 
            90.9  -0.00033262139186 
              91  -5.4237432778e-05 
            91.1  -0.0010365205817 
            91.2  -0.00047259498388 
            91.3  0.00033623352647 
            91.4  0.00016533443704 
            91.5  -0.00010001845658 
            91.6  0.0002146391198 
            91.7  -0.00097118876874 
            91.8  -0.00031769555062 
            91.9  -0.0018436401151 
              92  0.00036255083978 
            92.1  -0.00051925331354 
            92.2  -0.00033265491948 
            92.3  -0.00025059608743 
            92.4  -0.00084455916658 
            92.5  5.1885843277e-05 
            92.6  -0.0017350343987 
            92.7  8.7742228061e-05 
            92.8  -0.00014354614541 
            92.9  0.00031133601442 
              93  -0.00040512345731 
            93.1  0.00080096255988 
            93.2  -0.0022720675915 
            93.3  0.0050341710448 
            93.4  0.0008529596962 
            93.5  -0.0024276315235 
            93.6  0.00045978277922 
            93.7  -0.00048191379756 
            93.8  0.00013832654804 
            93.9  0.00027680210769 
              94  -0.0011840611696 
            94.1  -0.0024772575125 
            94.2  0.0015396317467 
            94.3  0.00047951936722 
            94.4  0.0022212220356 
            94.5  -0.00070977536961 
            94.6  0.0007956372574 
            94.7  -0.001749556046 
            94.8  0.0046429452486 
            94.9  -0.00086366431788 
              95  -0.00068550696597 
            95.1  0.0045163421892 
            95.2  -0.001791969873 
            95.3  0.00061370944604 
            95.4  -0.0021126172505 
            95.5  0.00010557519272 
            95.6  -0.0023441505618 
            95.7  -0.00058126170188 
            95.8  -0.0010001398623 
            95.9  -0.00039163930342 
              96  0.00049213273451 
            96.1  -0.00087116844952 
            96.2  0.00043391436338 
            96.3  -0.0040164841339 
            96.4  -0.00017823558301 
            96.5  0.0034906608053 
            96.6  0.00086272973567 
            96.7  0.0012956368737 
            96.8  -0.00071347737685 
            96.9  0.00036385189742 
              97  -0.0021499730647 
            97.1  -0.0020140307024 
            97.2  0.00048336246982 
            97.3  -0.0011501023546 
            97.4  0.0027563185431 
            97.5  0.0002263803035 
            97.6  0.00068497937173 
            97.7  0.0016726232134 
            97.8  -0.0016540414654 
            97.9  -8.1197358668e-05 
              98  0.0014002360404 
            98.1  -0.0013397694565 
            98.2  2.2881198674e-05 
            98.3  0.0001614918001 
            98.4  -0.0007789679803 
            98.5  -0.00014157826081 
            98.6  -0.00089011900127 
            98.7  0.00058534462005 
            98.8  -0.0010860837065 
            98.9  0.00057639973238 
              99  0.00088593922555 
            99.1  0.00071470439434 
            99.2  -0.001471511554 
            99.3  -0.0042526144534 
            99.4  0.0022690454498 
            99.5  0.00045146001503 
            99.6  0.00089743593708 
            99.7  0.00024950457737 
            99.8  -0.00014944979921 
            99.9  0.0012967200018 
             100  -0.0057986443862 
           100.1  -0.00041465414688 
           100.2  0.0022694072686 
           100.3  0.00053869700059 
           100.4  0.0014448952861 
           100.5  0.00014762114733 
           100.6  -0.0030663097277 
           100.7  0.00071835750714 
           100.8  0.00038464553654 
           100.9  0.00083158491179 
             101  0.0040024672635 
           101.1  -0.0016431016847 
           101.2  -0.00078088697046 
           101.3  0.0011170813814 
           101.4  0.0016293078661 
           101.5  0.00086817564443 
           101.6  0.00017316825688 
           101.7  -0.0015656403266 
           101.8  0.0001087570563 
           101.9  0.00020555546507 
             102  -0.00026504462585 
           102.1  -0.00080901198089 
           102.2  -0.0016000526957 
           102.3  -0.00029943464324 
           102.4  -0.00018000323325 
           102.5  -0.00038471119478 
           102.6  0.00092624733225 
           102.7  0.0005047172308 
           102.8  -0.00080453697592 
           102.9  -0.001329713501 
             103  -0.0026112669148 
           103.1  0.00041753053665 
           103.2  -3.1071715057e-05 
           103.3  0.00042656855658 
           103.4  0.0019410806708 
           103.5  -0.00084242923185 
           103.6  -0.00068839685991 
           103.7  0.0011039609089 
           103.8  -0.00095313275233 
           103.9  0.0023776902817 
             104  0.0011602346785 
           104.1  -0.001474853605 
           104.2  0.00081080803648 
           104.3  -2.1895393729e-06 
           104.4  2.5410670787e-05 
           104.5  0.0016856035218 
           104.6  -0.00059208134189 
           104.7  -0.00090486789122 
           104.8  -0.0003061844036 
           104.9  -0.00082111358643 
             105  -0.00077727949247 
           105.1  -0.00065153371543 
           105.2  0.00052646035329 
           105.3  -0.0022752182558 
           105.4  -0.00056602852419 
           105.5  0.00099722575396 
           105.6  -0.00022848928347 
           105.7  -0.00014848262072 
           105.8  0.00033489242196 
           105.9  -0.00027327099815 
             106  0.00037443032488 
           106.1  -0.0015524309129 
           106.2  0.00095943547785 
           106.3  0.0003076675348 
           106.4  0.00078517012298 
           106.5  -0.00085436878726 
           106.6  0.00046188384295 
           106.7  0.00074198236689 
           106.8  -0.00055043259636 
           106.9  0.0010975440964 
             107  -0.0014576753601 
           107.1  0.00040353741497 
           107.2  -0.00080244708806 
           107.3  0.0013032676652 
           107.4  -0.001660273876 
           107.5  0.0004107169807 
           107.6  -0.00025726063177 
           107.7  -0.0005015200004 
           107.8  -0.00075986329466 
           107.9  0.00021231081337 
             108  -0.0002012597397 
           108.1  0.00030409730971 
           108.2  0.0005767676048 
           108.3   -0.00179863628 
           108.4  0.0026873941533 
           108.5  -0.00076818466187 
           108.6  0.00072196312249 
           108.7  -0.0014688959345 
           108.8  -0.0010029734112 
           108.9  0.0020784134977 
             109  -0.00077495118603 
           109.1  -0.0021823467687 
           109.2  -0.0011104550213 
           109.3  0.00025472603738 
           109.4  -0.00073969410732 
           109.5  0.00040724128485 
           109.6  -0.0026436755434 
           109.7  -0.0027957442217 
           109.8  0.00058028893545 
           109.9  -0.0024653021246 
             110  -0.00067955674604 
           110.1  -0.00067044235766 
           110.2  0.00030701048672 
           110.3  -0.00011127023026 
           110.4  -0.0018267622218 
           110.5  -0.00039207283407 
           110.6  -0.0037790359929 
           110.7  0.0011429097503 
           110.8  0.0013176589273 
           110.9  -0.00034255022183 
             111  0.0006958739832 
           111.1  0.00097556132823 
           111.2  0.00011062342674 
           111.3  0.00082646263763 
           111.4  0.0014048763551 
           111.5  -0.0014034146443 
           111.6  -1.0965857655e-05 
           111.7  0.0011073988862 
           111.8  0.0015270891599 
           111.9  -4.9571041018e-05 
             112  -0.0013067633845 
           112.1  -0.00045863958076 
           112.2  -0.00039722910151 
           112.3  -0.00073823099956 
           112.4  0.0017874878831 
           112.5  0.00086110504344 
           112.6  0.00055267848074 
           112.7  0.00029322644696 
           112.8  0.0012812023051 
           112.9  0.00067603541538 
             113  -0.00051939208061 
           113.1  -0.00024458952248 
           113.2  0.00092211039737 
           113.3  -0.00051748473197 
           113.4  -0.00080858217552 
           113.5  0.00049380771816 
           113.6  0.00025860825554 
           113.7  0.0028010923415 
           113.8  4.1669700295e-05 
           113.9  -0.00078618852422 
             114  0.00048640230671 
           114.1  0.0021262872033 
           114.2  -0.0021773702465 
           114.3  0.0017105666921 
           114.4  0.00010271230713 
           114.5  -0.0014150850475 
           114.6  0.00053183315322 
           114.7  -0.00097836507484 
           114.8  0.0025556599721 
           114.9  -0.00084307650104 
             115  -7.3656439781e-05 
           115.1  0.00013212859631 
           115.2  0.0011986470781 
           115.3  -0.0010967166163 
           115.4    0.00182547234 
           115.5  -0.00032644160092 
           115.6  -0.0046796794049 
           115.7  -0.00077642919496 
           115.8  -0.00021601654589 
           115.9  0.00021560210735 
             116  -0.0010777302086 
           116.1  0.00032530352473 
           116.2  0.00011662067845 
           116.3  0.00027954485267 
           116.4  0.00011407863349 
           116.5  -0.0011822883971 
           116.6  0.00060966517776 
           116.7  0.00017826398835 
           116.8  0.00020665908232 
           116.9  -0.00052168872207 
             117  0.0013136691414 
           117.1  0.0017726179212 
           117.2  -0.0016010599211 
           117.3  0.00091466028243 
           117.4  -0.001382236369 
           117.5  -3.6931596696e-06 
           117.6  5.9415120631e-05 
           117.7  0.00065574701875 
           117.8  0.0012879832648 
           117.9  -0.00045330589637 
             118  -0.00044794986024 
           118.1  0.00045723747462 
           118.2  0.0007823840715 
           118.3  -0.0012370543554 
           118.4  -0.0011324286461 
           118.5  0.00020150188357 
           118.6  0.0015518232249 
           118.7  -0.00034141773358 
           118.8  0.00064280070364 
           118.9  -0.00013833492994 
             119  0.00035746069625 
           119.1  -0.00076063582674 
           119.2  -0.00024005398154 
           119.3  0.00049862638116 
           119.4  0.0010839444585 
           119.5  -6.3102692366e-05 
           119.6  0.0010504834354 
           119.7  0.00072326976806 
           119.8  -0.00083298748359 
           119.9  -7.3513947427e-06 
             120  -0.00045560440049 
           120.1  0.0011679665186 
           120.2  0.0012259450741 
           120.3  0.00061356695369 
           120.4  0.00025485083461 
           120.5  2.6736874133e-05 
           120.6  -0.001493121963 
           120.7  -3.7881080061e-05 
           120.8  0.00040854653344 
           120.9  -0.00014669867232 
             121  -0.00064658606425 
           121.1  -0.00044538266957 
           121.2  -8.9482869953e-05 
           121.3  -0.00020400155336 
           121.4  -0.00012230500579 
           121.5   0.004787386395 
           121.6  -0.0018131481484 
           121.7  -0.0001887246035 
           121.8  0.00061292992905 
           121.9  -0.00080392602831 
             122  0.00011112913489 
           122.1  -0.0041966191493 
           122.2  0.0024246401154 
           122.3  -0.000702874735 
           122.4  -0.0011079492979 
           122.5  0.0015542064793 
           122.6  0.00037414301187 
           122.7  -0.00029293308035 
           122.8  0.00040615070611 
           122.9  -0.00044690351933 
             123  0.0020078578964 
           123.1  0.0015913038515 
           123.2  -0.0002232263796 
           123.3  -0.00034365570173 
           123.4  -5.8558769524e-05 
           123.5  8.7413936853e-05 
           123.6  -9.4444490969e-05 
           123.7  0.00033260136843 
           123.8  -0.00077671743929 
           123.9  7.0863869041e-05 
             124  -0.0014621959999 
           124.1  3.5315752029e-06 
           124.2  0.00084440829232 
           124.3  -0.00040035555139 
           124.4  1.3730023056e-05 
           124.5  -0.00093685043976 
           124.6  -0.0010255756788 
           124.7  -0.0011997171678 
           124.8  0.0017988337204 
           124.9  0.0010823081248 
             125  -0.00066586676985 
           125.1  -0.0010399487801 
           125.2   -0.00337540498 
           125.3  -0.00011828914285 
           125.4  0.0021486594342 
           125.5  -0.00070457952097 
           125.6  8.6927320808e-05 
           125.7  -0.00071718683466 
           125.8  -0.0027847648598 
           125.9  0.0024672551081 
             126  0.00049684941769 
           126.1  0.00059086969122 
           126.2  -0.00022770091891 
           126.3  0.0018095215783 
           126.4  0.00063697202131 
           126.5  0.00011432357132 
           126.6  0.00045668473467 
           126.7  0.00019169645384 
           126.8  -2.4579931051e-05 
           126.9  -7.2756782174e-05 
             127  -0.0012652380392 
           127.1  -0.0032288264483 
           127.2  0.0014333194122 
           127.3  -0.00019959267229 
           127.4  0.0011818534695 
           127.5  -0.0012375377119 
           127.6  -2.5980174541e-05 
           127.7  -0.00039417576045 
           127.8  -0.00043192738667 
           127.9  0.0001356867142 
             128  -8.8902655989e-05 
           128.1  -0.00080233160406 
           128.2  -0.00099973054603 
           128.3  0.00059281336144 
           128.4  0.00035340106115 
           128.5  -2.6037916541e-05 
           128.6  0.00025778403506 
           128.7  0.00059454096481 
           128.8  0.0013686912134 
           128.9  -0.0014427504502 
             129  -0.0039524361491 
           129.1  0.00013093370944 
           129.2  -0.0012803846039 
           129.3  0.00050317682326 
           129.4  -0.0002711629495 
           129.5  -0.0001306431368 
           129.6  -0.00073175271973 
           129.7  -0.0013371012174 
           129.8  0.0013971840963 
           129.9  -0.0011219391599 
             130  0.00056522293016 
           130.1  -0.00021001789719 
           130.2  0.00070999609306 
           130.3  -0.0021185758524 
           130.4  -0.0040150526911 
           130.5  0.0027450802736 
           130.6  0.0014651464298 
           130.7  -0.00013263616711 
           130.8  -0.00056163175032 
           130.9  -0.00080357585102 
             131  -0.00026112934574 
           131.1  -0.00050561269745 
           131.2  -0.00078030163422 
           131.3  -0.00011428305879 
           131.4  0.00078394217417 
           131.5  0.0014843735844 
           131.6  -0.0001589381136 
           131.7  0.00017009582371 
           131.8  -0.0021513765678 
           131.9  -0.001123778522 
             132  0.0015050871298 
           132.1  -0.00095781683922 
           132.2  0.0011958079413 
           132.3  0.00018334621564 
           132.4  0.00046837422997 
           132.5  -0.00015015853569 
           132.6  -0.00086981942877 
           132.7  0.00071884132922 
           132.8  -0.0012411251664 
           132.9  -0.001862264704 
             133  -0.00036718510091 
           133.1  0.00077806599438 
           133.2  -0.0006404845044 
           133.3  0.00072157150134 
           133.4  -0.0020169108175 
           133.5  -0.0011624717154 
           133.6  0.0025782869197 
           133.7  -0.00068713957444 
           133.8  0.00066246045753 
           133.9  -0.0013288548216 
             134  -0.00059568835422 
           134.1  0.00084468536079 
           134.2  -0.0010121553205 
           134.3  -0.00015281001106 
           134.4  -0.00016566878185 
           134.5  -0.00083408690989 
           134.6  0.00055702216923 
           134.7  -0.00099185155705 
           134.8  0.0029045394622 
           134.9  0.0028291437775 
             135  -0.0013465769589 
           135.1  0.00025496166199 
           135.2  -0.00072509329766 
           135.3  0.00037294439971 
           135.4  -0.0011626491323 
           135.5  0.00028021261096 
           135.6  0.00057468609884 
           135.7  -0.00045387167484 
           135.8  -0.00059998128563 
           135.9   0.001015604008 
             136  0.0010770722292 
           136.1  -1.4394987375e-05 
           136.2  0.00068045174703 
           136.3  -0.0014344505034 
           136.4  -0.00086928531528 
           136.5  9.3184877187e-05 
           136.6  -0.00011148257181 
           136.7  0.00033631967381 
           136.8  0.0002146968618 
           136.9  -0.00098548550159 
             137  -0.00068929325789 
           137.1  -0.0017786188982 
           137.2  -7.2145834565e-05 
           137.3    0.00013971515 
           137.4  0.00026691751555 
           137.5  0.00066904956475 
           137.6  -5.2808318287e-05 
           137.7  0.0001824949868 
           137.8  -0.0016031661071 
           137.9  -2.3405533284e-05 
             138  8.6268410087e-05 
           138.1  0.00012924103066 
           138.2  -0.0009797681123 
           138.3  0.00051802070811 
           138.4  -0.0014537414536 
           138.5  6.3726212829e-05 
           138.6  0.00014088489115 
           138.7  -0.00012854207307 
           138.8  0.0010195374489 
           138.9  -0.0060686380602 
             139  0.00034882314503 
           139.1  -0.0010260161944 
           139.2  -0.00017785979435 
           139.3  0.0019157011993 
           139.4  -0.00072295637801 
           139.5  0.00086912093684 
           139.6  -0.00038128113374 
           139.7  0.00055161630735 
           139.8  -0.00046187127009 
           139.9  8.5925217718e-05 
             140  -0.0025044996291 
           140.1  -0.00060469191521 
           140.2  0.00064074853435 
           140.3  -0.00046733114868 
           140.4  -0.00011245906353 
           140.5  -0.00015607243404 
           140.6  0.0011301361956 
           140.7  -0.0014276271686 
           140.8  -0.0022079991177 
           140.9  0.00077411206439 
             141  -0.001708873082 
           141.1  0.00021537812427 
           141.2  -0.00039264420047 
           141.3  -0.00016041751951 
           141.4  -1.9846018404e-05 
           141.5  -0.0023360084742 
           141.6  0.0002911305055 
           141.7  -0.00020878342912 
           141.8   0.000379412435 
           141.9  -0.00032213144004 
             142  0.00057897157967 
           142.1  -0.0022775167599 
           142.2  0.0057728765532 
           142.3  0.0012789382599 
           142.4  -0.0016531422734 
           142.5  0.0027002468705 
           142.6  -0.0013667414896 
           142.7  0.00069193728268 
           142.8  -0.00042836088687 
           142.9   0.001175000798 
             143   0.001554290764 
           143.1  -0.0008381428197 
           143.2  0.0018957001157 
           143.3  0.0024414504878 
           143.4  0.00047449395061 
           143.5  -0.0013431813568 
           143.6  -0.0019884454086 
           143.7  0.0044480506331 
           143.8  -0.0015732645988 
           143.9  0.00015889946371 
             144  0.0015782876872 
           144.1  -0.0011840322986 
           144.2  -0.00065051717684 
           144.3  0.0018547819927 
           144.4  0.00020279409364 
           144.5  0.00021289801225 
           144.6  -0.00019646016881 
           144.7  -0.0020491648465 
           144.8  0.0013363016769 
           144.9  -0.0011068582535 
             145  0.0013826345094 
           145.1  -0.00038627255708 
           145.2  -0.0027824393474 
           145.3  -0.0018607266247 
           145.4  0.0024319598451 
           145.5  0.0012298128568 
           145.6   0.001704077702 
           145.7  -0.00078716408461 
           145.8  -0.0003548222594 
           145.9  -0.0023358906619 
             146  -0.00048267515376 
           146.1  0.00036484515294 
           146.2  -0.00072019826621 
           146.3  0.0019783265889 
           146.4  -0.00026958389208 
           146.5  -8.1141479313e-05 
           146.6  0.00067478278652 
           146.7  0.00062480242923 
           146.8  -0.00088284304366 
           146.9  0.00010347086936 
             147  -0.00071911932901 
           147.1  0.0014850068837 
           147.2  -0.00043910462409 
           147.3  0.0015859277919 
           147.4  -0.0010821199976 
           147.5  0.0005426700227 
           147.6  0.00010119238868 
           147.7  0.00066489586607 
           147.8  0.0018034675159 
           147.9  9.4454269856e-05 
             148  -0.0017592730001 
           148.1   0.001356374938 
           148.2  0.0023031611927 
           148.3  -0.00080501800403 
           148.4  -0.00012940820307 
           148.5  -0.00062975054607 
           148.6  -5.8744568378e-05 
           148.7  7.5285788625e-05 
           148.8  0.0010457276367 
           148.9  -0.0077244406566 
             149  0.00034566782415 
           149.1  0.00068544596434 
           149.2  0.00028428249061 
           149.3  0.00053552025929 
           149.4  -0.00095280259848 
           149.5  -0.0015525692143 
           149.6  0.00047597428784 
           149.7  0.00089533347636 
           149.8  0.00046479236335 
           149.9  0.0038914047182 
             150  -0.0035347384401 
           150.1  -0.00045078247786 
           150.2  0.00052875140682 
           150.3  0.0017171832733 
           150.4  6.1015598476e-06 
           150.5  -9.1311521828e-06 
           150.6  0.00057797459885 
           150.7  0.00050404667854 
           150.8  -0.00040772743523 
           150.9  -0.00019980454817 
             151  -0.00021725334227 
           151.1  -0.00092690903693 
           151.2  0.00054641906172 
           151.3  0.0013776202686 
           151.4  0.0019467682578 
           151.5  -2.1304469556e-05 
           151.6  -3.6807265133e-05 
           151.7  -0.0019246949814 
           151.8  -2.262648195e-05 
           151.9  -0.00078800087795 
             152  -0.00027019064873 
           152.1  -0.000251498539 
           152.2  0.00085460208356 
           152.3  0.00086428131908 
           152.4  -0.0024851355702 
           152.5  -0.00067323166877 
           152.6  0.0014054765925 
           152.7  -0.0015063448809 
           152.8  0.0033316519111 
           152.9  0.0012105349451 
             153  -0.0032365065999 
           153.1  0.0014774296433 
           153.2  -0.0056473817676 
           153.3  0.0023471917957 
           153.4   0.001385581214 
           153.5  -0.0017627361231 
           153.6  0.0012286887504 
           153.7  -0.0018104431219 
           153.8  0.0012245499529 
           153.9  -0.00085232732818 
             154  0.00015229964629 
           154.1  0.00031929975376 
           154.2  -0.00017743464559 
           154.3  -0.00014109583572 
           154.4  0.00019800290465 
           154.5  -0.00029248092324 
           154.6  0.00039675459266 
           154.7  7.3195900768e-05 
           154.8  7.0235691965e-05 
           154.9  0.00015142234042 
             155  -0.00051632616669 
           155.1  0.00083401240408 
           155.2  -0.00019186967984 
           155.3  0.00016741733998 
           155.4  1.2596603483e-05 
           155.5  2.3245811462e-06 
           155.6  0.00020203227177 
           155.7  -7.2448514402e-05 
           155.8  0.00060650100932 
           155.9  7.3437578976e-05 
             156  4.0141865611e-05 
           156.1  2.0904000849e-05 
           156.2  -0.00053875287995 
           156.3  -5.0209462643e-05 
           156.4  0.00016267644241 
           156.5  -0.00015633832663 
           156.6  0.00019413372502 
           156.7  0.00019837031141 
           156.8  -0.0004491279833 
           156.9  -0.00017709378153 
             157  0.00029122084379 
           157.1  7.9930759966e-05 
           157.2  -4.4038519263e-05 
           157.3  0.0002141664736 
           157.4  -0.00062499009073 
           157.5  -0.00024415459484 
           157.6  -0.0002589658834 
           157.7  -0.00047118403018 
           157.8  0.00050107529387 
           157.9  -3.3532269299e-06 
             158  -0.0001254407689 
           158.1  0.00019638705999 
           158.2  0.00047005619854 
           158.3  -0.00048005813733 
           158.4  -0.00032327696681 
           158.5  9.393459186e-05 
           158.6  -0.00013014720753 
           158.7  -1.2992415577e-05 
           158.8  0.00050263945013 
           158.9  0.0005861944519 
             159  -0.00067851645872 
           159.1  0.0024317712523 
           159.2  0.0010312376544 
           159.3  -0.0007247258909 
           159.4  0.00015828572214 
           159.5  0.00036265095696 
           159.6  -0.00052297767252 
           159.7  -0.001665326301 
           159.8  0.00035244785249 
           159.9  0.00026669166982 
             160  0.00058588571846 
           160.1  -0.00022733910009 
           160.2  0.00012721307576 
           160.3  0.00023469654843 
           160.4  0.00035518966615 
           160.5  1.0197982192e-05 
           160.6  -0.0004942654632 
           160.7  -0.00034049944952 
           160.8  0.00026121502742 
           160.9  -0.00031173089519 
             161  0.0010589463636 
           161.1  8.219666779e-05 
           161.2  5.9295445681e-05 
           161.3  -0.00087130907923 
           161.4  -0.0021281028166 
           161.5  0.00095053156838 
           161.6  -0.00060160504654 
           161.7  0.0015651755966 
           161.8  0.00040844222531 
           161.9  -0.00052512995899 
             162  0.00019341660663 
           162.1  0.00089164637029 
           162.2  0.00031872792169 
           162.3  -0.00013984320685 
           162.4  2.6550609618e-05 
           162.5  0.00010733865201 
           162.6  -0.00058958912268 
           162.7  -0.0001728432253 
           162.8  -3.6551151425e-05 
           162.9  -5.0244387239e-05 
             163  0.00056293187663 
           163.1  -0.00041927443817 
           163.2  0.0013307291083 
           163.3  0.00019206525758 
           163.4  -0.0003974516876 
           163.5  0.00048162974417 
           163.6  0.0011816765182 
           163.7  -0.00094402953982 
           163.8  -0.00019524758682 
           163.9  -2.8755981475e-05 
             164  8.3111226559e-05 
           164.1  0.00094540743157 
           164.2  -6.0945749283e-06 
           164.3  -4.0834303945e-05 
           164.4  0.00062098307535 
           164.5  -0.00023798691109 
           164.6  0.00031717447564 
           164.7  -0.00051373336464 
           164.8  0.00024744449183 
           164.9  -0.00027618324384 
             165  0.0007126131095 
           165.1  0.00086542870849 
           165.2  -0.0012906771153 
           165.3  0.00040623638779 
           165.4  -0.00053662387654 
           165.5  0.0010747262277 
           165.6  0.00095652136952 
           165.7  -1.7279759049e-05 
           165.8  -0.0012351241894 
           165.9  0.0030626123771 
             166  -0.00060594920069 
           166.1  0.00035249209031 
           166.2  -2.4342909455e-05 
           166.3  0.00056084757671 
           166.4  -4.910165444e-05 
           166.5  0.0004938072525 
           166.6  0.0012359814718 
           166.7  -0.0032449024729 
           166.8  0.00074006943032 
           166.9  -0.0013728514314 
             167  0.00068473769352 
           167.1  -0.00023192539811 
           167.2  -0.00062344176695 
           167.3  -0.00085309799761 
           167.4  0.0033291089348 
           167.5  -0.0008480087854 
           167.6  0.00060065975413 
           167.7  0.0024868892506 
           167.8  -0.0010884525254 
           167.9  0.00046616699547 
             168  -0.00063351169229 
           168.1  0.00036126514897 
           168.2  -0.00083505501971 
           168.3  0.0011300453916 
           168.4  -0.00097229704261 
           168.5  -0.0012542335317 
           168.6  -0.0010111588053 
           168.7  4.7033187002e-05 
           168.8  0.00018479907885 
           168.9  -0.0029961317778 
             169  -0.0013369452208 
           169.1  -0.001679115463 
           169.2  -0.0019628638402 
           169.3  0.0020466144197 
           169.4  -0.0013099005446 
           169.5   0.001264271792 
           169.6  -0.00068538403139 
           169.7  -0.0014719502069 
           169.8  -0.00052993511781 
           169.9  -0.0019186087884 
             170  0.0016046799719 
           170.1  -0.00065290555358 
           170.2  0.00027847383171 
           170.3  0.0016300780699 
           170.4  0.00040244078264 
           170.5  -0.0015979036689 
           170.6   0.001768342685 
           170.7  -0.0007511395961 
           170.8  -0.00069194985554 
           170.9  -0.00039059948176 
             171  -0.00015078950673 
           171.1  0.0016921251081 
           171.2  -0.0002547907643 
           171.3  -0.0012909616344 
           171.4  -0.00075326999649 
           171.5  -0.0013464172371 
           171.6  -5.6899152696e-05 
           171.7  0.00056119496003 
           171.8  0.0021284203976 
           171.9  0.00080988788977 
             172  -0.0017572646029 
           172.1  0.0017098719254 
           172.2  0.00030087772757 
           172.3  -0.00042761396617 
           172.4  0.00062651047483 
           172.5  0.00066980766132 
           172.6  -0.0019564270042 
           172.7   0.001983534079 
           172.8  -0.00023404089734 
           172.9  -0.00010823225603 
             173  0.00025206757709 
           173.1  0.00066328700632 
           173.2  -0.0015375795774 
           173.3  0.0024215751328 
           173.4  0.0024731871672 
           173.5  -0.0018189358525 
           173.6  0.0027597434819 
           173.7  -0.00056480662897 
           173.8  0.00056787673384 
           173.9  0.00021005654708 
             174   0.001276360359 
           174.1  -0.00081815198064 
           174.2  0.00039765611291 
           174.3  0.0011883466505 
           174.4  -0.00068088434637 
           174.5  -0.0011303410865 
           174.6  8.3934981376e-05 
           174.7  0.0018523763865 
           174.8  -0.0037419991568 
           174.9  -0.0051060672849 
             175  0.00052055343986 
           175.1  0.00039137294516 
           175.2  0.00056932866573 
           175.3  -0.0008884947747 
           175.4   0.001070745755 
           175.5  -0.00051312753931 
           175.6  -0.0022423509508 
           175.7  0.0006444407627 
           175.8  -7.714657113e-05 
           175.9  -0.00018094899133 
             176  -0.00083128223196 
           176.1  0.00037441169843 
           176.2  -0.00099374633282 
           176.3  0.0033485577442 
           176.4  -0.00070781260729 
           176.5  0.0015243673697 
           176.6  0.0024199108593 
           176.7  -0.00024761864915 
           176.8  -0.00015165004879 
           176.9  -0.0010767094791 
             177  -0.00052801566198 
           177.1  -0.00074114091694 
           177.2  -2.5290064514e-05 
           177.3  -0.0019630994648 
           177.4   0.002324483823 
           177.5  0.00020801043138 
           177.6  -0.0009569148533 
           177.7  -0.00022036070004 
           177.8  0.00016717612743 
           177.9  2.9997434467e-05 
             178  -5.5051874369e-05 
           178.1  8.0846715719e-05 
           178.2  -0.00011521670967 
           178.3  0.00011512171477 
           178.4  -0.00011601718143 
           178.5  0.00011230725795 
           178.6  -0.0001302966848 
           178.7  0.0001163398847 
           178.8  -0.00011528795585 
           178.9  0.00012061931193 
             179  -0.00010741967708 
           179.1  9.4148796052e-05 
           179.2  -8.9362729341e-05 
           179.3  7.0207286626e-05 
           179.4  -6.4801424742e-05 
           179.5  4.9628317356e-05 
           179.6  -4.149088636e-05 
           179.7  2.9171351343e-05 
           179.8  -2.3081898689e-05 
           179.9  1.1697411537e-05 
             180  -7.0622190833e-06 
           180.1  -2.3236498237e-06 
           180.2  5.9972517192e-06 
           180.3  -1.3697426766e-05 
           180.4  1.4810822904e-05 
           180.5  -2.1582003683e-05 
